547224
687235
332048
747718
772534
550251
722727
120701
517549
520089
464388
792021
873630
442808
388919
715226
293760
716426
470920
719837
305702
436936
365179
782060
858951
672588
656552
217265
315081
720787
889905
280169
423832
567917
668195
281777
223853
716357
576863
468338
977215
238076
757129
783872
510747
147443
388557
774739
243823
245153
451252
494170
723694
472916
198500
317084
463361
147166
280842
834438
941704
936000
550811
793325
526035
187985
126169
750861
365999
942524
490955
746859
791153
909960
421675
974516
753720
843939
582559
243101
955159
869308
189730
923191
956183
673629
931907
605548
626314
101221
855103
859468
452344
785946
362981
309803
462305
944209
408234
458204
801294
188708
695469
252311
617636
904699
634196
904492
172277
444193
565819
290493
664352
261659
562815
666881
619883
382733
767217
564146
452297
322537
644059
776221
333637
205304
757277
253707
908931
427402
522291
952378
665125
200980
209983
486433
410773
378691
408674
399393
153449
982825
437703
256353
965128
872768
258864
418982
798323
356797
145081
149663
513060
452332
422141
287139
690949
669574
154883
243232
733344
993798
712104
685901
946224
286237
289580
919280
420789
753737
972194
828432
470316
144994
548480
565165
751634
669439
561723
168443
483656
777849
107393
577792
711131
221150
359371
632933
425606
220355
799596
946878
526971
165932
145773
988014
638035
118700
648178
633454
903006
752408
539787
345470
635622
469622
566446
800760
169766
906779
140765
744368
636281
290237
173750
870843
897038
809035
833082
490156
897971
135710
736522
526993
592584
195852
855013
834519
126804
471715
127008
616429
800625
740433
164740
758361
372692
275649
274450
366123
515872
774621
484588
309993
844174
374845
812760
504210
349754
500723
325624
646509
626280
801346
690632
144453
209889
600691
852980
177528
379055
348828
422532
825977
374310
820952
297989
471818
837845
909930
594381
494590
135187
851722
495549
880875
159277
843188
352284
893677
134546
858842
865082
455672
926478
783008
549106
826451
979293
833534
794356
756889
512432
636050
480121
799132
732777
814094
892162
534450
234961
454761
972375
736483
175722
777722
989057
649437
893262
725136
404121
531198
942637
507381
907185
770028
150574
454822
170740
434345
357636
658482
422735
815743
319252
682970
982819
764095
549405
780976
965567
550007
917296
120107
931181
477659
695734
514303
786655
478320
661521
563056
707824
476720
407253
287970
351852
148672
412240
213807
192888
836353
648503
611517
467004
195706
199280
727911
381235
278941
903656
876598
879747
883479
426785
838910
718309
760996
420355
503203
113329
569933
212081
766239
871929
603386
824658
481344
834657
746939
802147
545131
455973
773021
939265
888214
225427
166985
179932
730572
952293
428328
333221
794238
432799
423552
200819
788120
902695
579780
442653
604953
916450
986554
123896
608657
407694
214986
422711
278396
534467
489758
735269
161954
392149
893204
337540
747424
852175
877847
442510
443969
983487
380320
187728
978919
662422
242715
885536
288729
695488
160797
292309
760474
416282
236979
475667
548245
632834
911664
845199
662047
257815
327536
769857
687255
911929
867484
381583
761964
275422
108012
522579
906241
265534
437390
661777
235220
546994
996161
263352
447406
673745
788291
431994
681656
509489
272919
414895
314943
461989
243348
662241
825347
440475
429666
970651
297855
117374
309591
375817
237775
759679
346681
566342
355260
943004
339810
965454
123460
990793
393146
724811
419065
576176
539808
897163
929574
332190
508864
797760
978003
833203
522339
241702
307318
944298
137565
550954
302176
603059
351295
370067
815720
271913
348411
348190
471314
853596
535655
267871
828471
992439
518823
206216
208669
692949
602816
922622
507343
610954
646645
971600
203186
636050
780796
805985
936771
737243
693326
663054
816399
801456
587652
607235
783515
919064
597621
550399
777014
738338
391875
894385
908045
465370
757935
116385
784152
324231
203722
711099
489237
145705
969868
680309
447915
642756
841590
987454
578850
399242
760329
855829
466579
722011
486372
898723
202362
822255
878116
643022
179493
176052
619973
191330
899899
365379
877514
263753
547672
988275
674407
671362
311093
108970
781001
268590
503728
329328
721624
593809
697009
962357
159951
380581
392244
668006
150062
256101
433556
793579
420790
113796
467494
732756
589142
345230
835949
152785
828972
753896
373332
584360
590274
666759
243053
718291
869501
855868
792318
749801
825436
447165
208448
123275
481916
949317
247480
597534
340851
808084
971594
379129
734764
935869
251152
586161
792227
259242
938562
466796
104116
353499
153802
712388
594544
231272
534625
202572
354248
622607
216943
181193
531112
497098
955838
852061
638801
718097
264892
606363
691009
829480
120447
815199
962932
811610
470817
837885
105491
483038
480895
188397
467371
405369
596336
396307
617325
538039
383210
257405
872402
900250
275031
145371
136354
837182
830809
479943
235421
325519
479967
184430
699992
572910
841037
832260
849364
620029
313898
462438
881188
794214
897027
824867
460188
205864
304709
837870
973631
400233
412116
694462
575778
969239
542172
705785
426723
252349
724347
637024
182086
894858
446132
623943
361401
999652
101492
127743
303531
595457
677865
137042
262445
242854
781589
437228
388051
162258
617256
747755
605157
161678
160706
826102
116789
865570
716612
297859
224114
452344
760887
662456
519509
708654
352381
737833
600997
410770
807541
442239
849352
805222
821582
297247
455368
273315
940233
769023
255601
756194
742584
840857
493863
894153
206090
484276
168547
759542
999807
263640
113228
597054
443180
236461
111844
895389
831492
805915
837618
595415
999796
834831
402962
576730
733819
433765
817676
457502
473645
635922
192611
939552
548430
151337
115176
860968
416441
589621
567276
522297
490143
820083
533135
856463
729813
348105
641739
201199
714872
996797
840533
210710
373244
706320
733761
512152
640233
815667
387900
878621
418220
786155
785085
600305
784807
736345
812542
132004
919238
789203
885594
134333
471358
894665
513141
411012
311701
679349
407135
923482
943199
483925
462187
599007
235219
772244
169417
589660
336262
124176
154802
476487
568463
649821
774891
114128
615195
992831
531453
182130
471353
163290
897458
525494
938168
753751
925401
170577
621875
253337
951523
386685
192186
340371
593165
824318
876955
105927
388028
532636
310466
554837
719471
157903
590426
629336
435952
291079
602558
947340
254219
841818
521715
171442
254251
822446
878109
531213
686140
950715
928356
664347
802379
667884
419962
805059
855421
198590
945973
819684
791935
919783
746767
276964
725327
230515
662604
507803
709393
184447
167203
922917
897176
379843
608753
730837
232049
175078
123790
275812
324268
955262
324609
359647
702561
909304
350398
279911
864623
923919
358381
406875
130007
953008
281293
769690
311324
350145
636928
127736
858880
212719
901662
376894
565883
311890
939361
248798
725061
796583
225970
263926
871099
350417
540548
343770
762636
181220
127720
134107
664984
506528
429820
304287
978579
849098
358609
840841
700621
532994
932225
499001
803542
918766
740598
294591
294962
155363
187393
740988
988882
952179
950448
752083
203865
818119
796529
777769
197731
513280
808686
686679
410675
966687
442318
438750
244904
909183
991323
318763
140775
397803
503060
874537
665690
504200
113495
532116
158479
237526
152745
382234
673908
975719
628072
508818
964310
496994
467358
476400
264449
304107
934229
270825
104754
289251
612595
739677
301785
600836
254910
410062
570424
123395
273232
684299
573702
241842
478769
295643
301056
709824
447175
882925
586793
656237
984534
689765
561860
493070
677424
398972
825630
635201
825876
264767
503990
288824
138066
813403
668184
198692
985374
375207
118771
198401
939123
867429
992586
978415
746257
391492
898740
124015
258110
836273
977046
305178
418896
550669
404232
583327
712363
753511
502529
231278
925794
553529
456301
841991
727161
121335
956692
884759
400918
948620
305315
359683
122925
511607
929599
857486
804612
157817
643887
406232
428411
884449
442255
428719
387354
836409
328023
797211
754986
942963
190545
521823
285689
350880
425936
529863
843119
160264
187305
937222
259879
737394
942762
547061
400851
283689
375802
647104
991795
835220
113062
832232
494983
512751
686103
931211
886511
301779
362817
723300
167013
442131
744519
644255
329313
790191
258552
843397
306284
671851
662904
581572
580211
209369
409517
712191
954637
564633
117571
857777
232020
505494
197687
425294
223854
330520
717066
182539
960330
151213
417206
736831
278053
873180
754154
255192
150938
529329
246905
510462
422565
142939
122095
249255
386304
290542
806752
435789
842155
133201
349982
461997
556729
340612
933520
201303
270550
506480
793051
501496
563030
852683
504574
916710
244905
929239
551478
777954
447333
229693
313863
797422
882102
567005
261697
344977
948354
674235
162176
154335
260643
329203
437720
821493
427697
733440
248709
417840
321112
874481
813324
718615
759508
316502
973930
563344
581970
288745
174329
405814
864880
133424
529644
358200
430235
275386
121378
364148
237894
942758
352744
744983
831411
265240
473239
556393
245394
928967
499521
573841
888564
523758
319671
744627
595398
299850
313318
659442
179938
249030
496947
338012
347711
437457
252692
344633
106249
250163
669928
649588
308156
821421
809985
873642
531084
683237
775641
339890
428061
985645
945904
292641
192000
778925
308743
277515
415534
286009
687583
228482
353596
169284
308312
748035
625438
378036
881556
476142
830196
378890
871911
459535
707283
507045
527111
551066
803448
360742
351887
271811
761950
169174
198321
699621
151587
605669
203250
681800
275676
945391
292857
753988
456183
598379
632962
779843
649224
882038
131615
470564
425635
562783
492562
186453
355667
993421
977958
603392
731636
155646
186273
450443
227792
120059
721409
991247
581105
965525
293851
271395
204301
121901
121251
643563
499424
678762
494561
918287
517422
627384
558441
124592
337306
131668
379990
778073
663768
329417
982398
492808
514717
180587
723882
739393
871497
691818
335254
913344
565744
826262
810640
138947
213745
219037
224358
703628
303994
603517
254898
894372
774325
836640
659870
870182
176359
284047
984676
422402
752663
451442
628228
525717
935209
748385
807403
638318
485979
685709
883303
840573
372580
796037
520856
963076
481318
844589
922980
491538
795867
514145
895739
224464
663022
301544
761070
177054
210905
831923
351418
705781
336499
965737
825989
857358
673313
446530
111764
188087
693848
611610
798961
311068
806299
571302
432074
283519
166938
858864
110292
907828
697497
640086
431769
482001
585753
502536
665865
867332
464435
860479
869267
429190
370492
528024
838117
586601
556363
626022
882634
348837
182865
484284
235198
665432
954429
351599
656630
420910
534693
173975
434648
296421
387120
504234
946319
746565
979685
130393
263160
115390
778865
123054
913601
534670
160545
496980
697621
134871
120222
547255
208166
438264
279227
978068
181964
908771
198843
446888
562444
456947
517101
133419
310722
908256
966817
331175
465355
240586
490971
503769
471379
980444
264073
349245
601887
492368
352735
558005
236940
878576
495510
687670
944150
969033
100275
564506
416006
622532
630588
806031
228921
509411
466849
468232
870661
780163
612378
811445
274843
697350
690720
243419
309941
509366
751500
673082
142753
310749
754704
132806
746707
767162
266524
131774
732733
704374
570956
291147
935574
165349
360250
911935
586077
356855
478406
732432
363795
855538
369371
169108
271337
484413
254789
445511
456995
102578
377052
567834
463904
594590
903509
607984
919054
913463
598796
979319
673168
810338
666371
127976
928359
121186
396600
914683
388207
203296
396425
473511
941084
110249
279879
995570
720969
451867
269142
711537
619791
772004
521249
818140
682575
239600
363606
255481
614371
792206
648456
751622
824662
152857
649932
334617
756356
736160
882380
576778
374639
366080
644399
570169
399316
336154
482024
902002
617119
912118
626755
636741
661117
125707
140398
191577
481995
126277
496398
547842
674174
734050
783660
938314
983653
913001
910083
395626
197413
801319
569172
923336
556168
481114
834910
966191
346613
455496
903454
261632
542972
456804
994871
135953
426575
848486
558232
852342
578866
396335
435080
569567
466155
226098
450506
830116
986603
680545
730342
765746
203535
123065
994223
482792
992874
580404
460084
599597
180647
613613
202047
636215
252488
483830
506287
561054
977515
440913
663908
145242
122082
752701
109315
110644
656143
918476
628834
980950
445729
474710
536793
348895
271460
857176
320476
412823
428192
297307
183035
703974
263274
736859
753438
102109
895283
261808
325899
588264
973324
588906
788207
386974
814212
181129
678793
681382
515415
999883
869524
718842
808124
766969
661364
362627
473932
679853
163598
731930
419847
621043
994962
617224
860109
516244
538023
828408
172812
830502
551292
454865
436325
877626
398866
577997
669384
745089
292604
852419
241604
506149
951118
863232
764124
362261
903324
858399
252199
402298
231821
831736
171791
396597
706703
928923
828312
413373
255587
574292
175559
161407
383466
898590
344503
821062
262082
508969
688738
878579
335791
898012
320953
754608
574161
863621
633497
564753
216473
101941
971035
641208
855043
762219
769219
812348
815092
839046
788038
403282
160262
718785
314810
835710
108860
670491
376891
652973
304420
835067
904865
586500
931991
311057
106916
185280
906680
814589
224659
930522
376500
448734
413596
388415
634978
564899
120107
308062
892230
952515
754867
183994
814041
269259
407633
604915
798778
839314
211506
726665
114263
552050
719008
453872
710022
360851
347469
497483
400410
950940
408222
781080
587729
409533
468661
867271
629531
138803
135963
230780
931358
102468
907557
712610
249557
714269
577041
717402
836029
302828
483203
223971
569421
774347
105387
786015
158194
162479
452094
610913
757928
228758
724924
346461
222011
947126
584693
769001
410859
816944
823773
153893
170319
660538
995402
618744
737759
876932
938265
901693
361330
780020
880238
952229
969431
592798
719468
142108
200396
105768
273122
623309
372510
509254
749570
929183
790829
191040
303963
824684
606831
262809
112145
897363
322997
189753
811749
731264
544182
914596
527766
916350
224186
554562
267428
147942
812555
345757
965618
690679
235364
102131
936395
569808
491935
785830
824878
425603
909841
767829
796549
979732
235006
548893
748760
887335
644132
771055
403962
730324
855484
537585
814657
132058
214416
143879
501083
597414
692631
886269
772292
519645
238249
903193
882187
486112
250225
145721
650772
310153
931132
274578
736460
876474
257892
852298
626921
486070
802271
287169
302788
778240
913999
696698
521179
152945
239774
228575
514263
295368
457467
373465
310046
580506
610532
244999
713972
840203
558987
277443
993669
542889
694587
998663
146113
363324
224741
572946
717993
670385
238317
674703
116978
753446
300223
147499
974906
471866
429513
488912
813589
480864
486432
495076
441564
927328
195048
366467
836612
586578
918193
263496
955076
891801
374426
789031
651341
205159
277376
390333
604174
409417
236712
203045
612262
870094
759066
833297
680667
539977
127107
763194
502376
919903
374021
174199
495946
973832
709985
760409
451358
914167
897189
300710
371077
541144
783213
877456
270323
979082
813101
259650
980613
709186
624931
154048
802194
173415
870171
620896
325450
360999
775653
580049
809683
667628
596037
817131
366878
756031
363406
575772
958841
542811
605876
794508
396577
923997
177086
706428
758957
105817
501239
967852
997541
677836
566019
216855
412500
756585
106892
858613
419566
980685
327118
315797
600440
364987
322739
357659
785748
336638
737169
802257
466220
696968
295359
134104
774938
527676
267357
561366
386095
856980
622859
888961
720242
995588
687640
364895
564424
268099
883054
922330
385954
509895
263566
629115
894251
433900
271845
725748
582722
701822
832056
661852
104625
651863
651388
632965
655802
861431
927546
102630
710760
795432
584331
833562
266452
871259
941164
919993
185397
612611
398491
493447
133330
604834
729979
214384
176276
246871
849117
761577
721485
520202
223106
164448
744135
283237
429885
704083
589346
133062
761490
437277
955570
351758
888505
133193
253164
319622
622251
659906
264144
476197
617251
146169
299814
916533
857277
720348
287954
570954
228479
785434
652804
162795
604647
796869
447393
471103
264068
533807
877656
886383
219601
311439
601903
953066
986344
225455
737354
679469
979880
705765
711477
977255
278792
183290
738344
671410
745075
359511
822877
980153
412667
912178
866556
344985
343000
270100
676982
936217
795878
290199
418452
772668
610620
177177
330697
138555
159204
372038
190536
615511
790490
479354
588765
494150
669244
135856
725080
356308
130808
940168
672661
653579
575250
198906
646721
169410
228951
555658
938831
460301
957053
958658
659007
202280
324000
401134
642227
273643
520998
465157
379093
968508
450925
323676
169876
441994
919352
575123
551839
851348
700939
750232
435610
907271
815657
141259
727471
429731
381989
371153
551584
380965
269352
497351
533942
993026
531349
539385
214341
457319
387753
480302
425821
510839
476347
132920
299464
756967
653202
233168
969907
882054
734543
466969
147608
390354
390750
567228
962752
868678
722511
463557
131994
947615
687462
135310
262920
565622
834144
246373
538003
329098
157260
204952
791124
571654
213255
195353
546343
389008
868106
496566
539304
635403
362414
293494
856864
527165
636484
136050
490859
955539
633078
725122
280319
573641
650403
893070
633918
512548
555926
992144
716748
664060
421209
308851
438113
587249
677905
198345
421446
958725
141647
863531
909090
365147
245671
350570
228739
622449
687567
103536
948657
750730
905948
764530
325029
983544
638229
492520
466223
195880
674464
847264
576482
276141
830412
629900
184048
916080
975975
175467
319287
557026
293930
302805
854334
939671
997075
342758
370731
221948
641249
215972
436676
981251
549289
181370
854927
987404
555545
864370
496104
104044
576294
632237
663815
990563
504214
363554
155211
824597
788460
409867
231146
297251
106857
148890
704026
473438
873641
196195
209365
737831
110556
894920
775183
115814
336841
779484
191185
864916
861548
856580
340355
175232
342003
822824
245102
850145
402954
114036
234570
438978
501059
582759
228057
161314
679413
300912
805595
855884
387689
571156
314738
217245
292740
378631
382291
337310
354485
138857
879498
837429
900616
102640
429276
867109
463114
704909
347919
320991
980903
615501
147773
215713
524767
406470
162361
471439
451999
844450
446755
684328
888529
754060
819871
570717
414227
308576
617815
896513
195147
244269
356692
215562
271500
857721
551575
817258
864342
620719
780535
293872
339183
654665
769634
977540
767641
338883
151485
878550
943000
802842
122399
588344
918668
506988
116183
426791
469141
874261
932225
126117
869663
994130
239097
189230
593177
719871
353010
821687
552836
308782
832592
736087
298152
490524
146815
944788
598224
389149
818296
119892
812586
990972
783758
243127
269494
889495
663298
105947
112342
282437
956238
274316
779173
321641
233873
536523
995842
357125
554968
125704
951686
995960
386336
165096
788932
467119
292791
620940
261323
292301
251524
508141
864421
899802
346430
832609
844813
364998
710166
953292
300946
985790
453438
103164
140257
870412
311424
654079
151582
722002
379542
573772
231618
445222
499825
325331
823159
754779
764719
971277
281809
503774
761948
376170
508248
739748
503789
669240
928377
464977
842392
721215
316822
131018
820721
589749
343374
571806
257145
183293
775621
591468
987519
130860
734689
278892
260824
687959
769865
209520
895514
742034
708166
750069
638470
159452
716306
403146
488890
839538
161969
182824
848408
363958
830418
885146
699975
412379
946085
953710
407295
755764
199077
676171
284108
597841
329630
941905
572505
191885
915635
603511
676181
709866
799107
991495
136062
680477
483820
867388
115930
937087
728352
699513
329632
887468
187486
199465
468526
225896
946645
207013
424212
990291
902481
657534
526039
381341
754864
752854
740730
783195
581812
263585
888889
448624
164245
418978
416904
634615
958378
584262
955897
544514
264567
546202
592464
758068
475826
966466
289638
123600
446737
440242
145254
350676
104759
352052
194653
628636
175364
520425
627115
374041
928353
671901
234189
854082
536064
706430
827130
832106
511690
712630
372912
233527
409381
953764
614558
165172
753232
740247
900343
878549
512781
274657
493588
337643
527259
503394
456502
315476
797156
173523
376394
674754
194775
586556
902017
137054
936577
547499
260524
817389
327348
570552
630160
241484
961359
430330
626437
408708
278390
208564
718648
408599
997893
844663
305391
905346
464163
777211
274470
272337
427453
791726
455784
657486
682431
920218
825929
817170
818773
460859
623279
934844
675262
162327
172973
879191
824682
405074
737356
374070
215635
664080
169357
293924
286993
539679
195234
235853
757136
601284
223518
435704
688861
597888
875052
702665
187442
653140
615128
510942
469551
628170
902653
552194
950640
478379
652554
701360
476487
203889
620122
153334
755503
375731
409614
688433
369480
300899
894207
421305
228389
239347
984395
264816
370055
200528
914990
285060
463285
366869
533416
383992
904440
774454
676162
122528
435089
884135
880665
615367
162015
407457
557705
657795
140242
839038
671564
708537
746032
962558
605136
993115
228669
454058
123125
803979
921568
497031
542975
950735
550341
973816
821226
133303
522742
136961
925685
794157
296895
439750
611864
310080
930548
872452
390017
394577
982707
644409
602516
147011
735309
622198
537254
687001
910832
114491
281691
242527
386050
695229
802495
645823
275764
959086
712566
816167
362527
537052
733427
706933
857702
457938
837705
232946
674383
121238
773527
584785
762031
571064
246832
550646
238963
513179
298367
922675
403189
282575
304821
153857
421222
945355
164437
401144
593949
430373
890990
893186
728878
308426
124327
257413
323813
247515
699424
241471
299138
428386
500150
997470
839200
234221
678236
836089
446120
799160
695292
695086
176998
288057
590063
187274
773690
827373
367875
201373
259969
750900
210309
841907
845294
181199
788280
812371
931228
848960
965144
933139
212417
923834
906574
626017
526598
567772
313902
205633
381607
340892
235191
820431
473255
841958
858515
254657
554244
124144
553524
216905
380483
729903
285582
343790
395394
203503
283281
329643
842941
397958
307309
442386
414848
650381
140923
255385
103629
189361
764307
352724
798879
336488
787892
580278
761260
620627
796441
355244
963353
292693
799896
297757
882300
989780
483995
407270
453904
565147
616352
880318
496949
829770
958741
168552
551964
704794
231052
610974
814405
165836
615266
687228
105951
392226
954436
155127
727600
448867
173491
192405
456655
185333
369138
403608
836823
741364
857679
664236
283148
900109
364049
706611
730472
125131
754953
600642
877943
276319
797732
773389
772100
625033
407088
991978
310498
816886
453693
468885
188616
490695
119090
265486
235986
365133
624385
415538
865493
840388
838738
173307
322674
919567
100042
893070
276698
391110
171180
297094
367424
216146
458170
716461
665080
208045
184443
731948
283863
634251
849959
545262
227763
278639
950507
593067
715524
152003
586979
670072
614917
604808
829684
393700
864165
682899
789203
255992
899959
249656
410562
259759
665540
613822
179634
253846
581444
363986
332286
345608
434540
972561
102446
993460
149286
639043
988508
925452
297744
524650
503914
808144
730461
149637
398385
832880
226004
979256
609718
301037
487130
821880
235474
938166
512429
585481
205588
631475
604402
527572
510127
350907
793520
126465
161013
324787
672229
733949
853114
575919
570840
888692
131484
374061
647089
151076
163507
370008
602724
718925
984356
183068
999356
294432
932369
366937
903845
818101
239136
999299
861237
416542
488103
493223
348258
286569
664825
904099
808620
284934
225487
609745
295647
238660
902199
556394
132694
450516
884077
792878
635742
489974
182876
256254
231973
766362
919499
241361
583077
545338
786361
744211
728886
611536
107572
413298
957973
845334
741383
366034
333476
742150
205377
771538
905093
709885
158300
407815
484301
829146
870470
282598
504091
790394
791370
946898
407559
242595
470289
362644
656308
698502
374663
636641
707193
478960
253039
995538
411536
653889
754262
170222
969821
930214
608990
941754
482916
447810
168855
807205
930088
562529
515719
956471
253166
644999
708435
443400
935448
331758
451446
850891
407541
395279
472498
223262
766447
851546
355689
820694
943947
993349
876213
258419
567312
970042
769713
786543
556064
772242
275118
243411
650050
281670
488249
984367
440186
534270
195583
751520
538665
527454
149100
342211
262163
157099
637387
726172
378106
705433
772064
603794
493611
380496
940037
287772
626782
308054
595482
601473
877624
275483
226690
244394
553819
806860
563736
615297
397893
255087
755062
493851
317250
821682
204297
133709
787553
941711
174018
139378
807383
534708
585952
543707
947028
323664
659288
446267
633351
259731
668927
306795
862277
511751
489419
497709
254397
639310
384745
651282
781162
679316
540726
458553
962955
834806
347140
291261
787342
678096
248682
444209
374812
134399
442478
404668
573876
595939
898946
779464
440905
321382
185834
498856
742466
150169
365305
398465
886607
438262
416832
525879
149196
769521
317124
864056
834771
471583
626762
236732
857826
811875
737986
789090
831360
573918
357302
777222
467497
716055
311863
740010
397670
365636
580080
404154
770078
620279
447218
126473
698507
127169
815211
262784
457452
293759
552987
884282
203271
604162
708493
612903
875417
245692
733310
811840
425627
926335
677334
942896
221828
896497
627449
551313
480712
182300
281462
736644
273401
485611
626738
774401
276938
579345
174167
878191
172670
582647
748791
157032
813097
910112
630919
879942
769362
419467
856425
622022
731984
113663
186380
918941
655675
938140
812203
514988
422904
598520
434711
865426
181166
903038
475593
142344
661078
357509
440403
188066
742532
819448
281177
143204
147532
922212
576056
185469
605752
837626
433557
788345
684586
202717
862657
519596
612765
339271
214987
372139
290498
319765
591930
534277
960714
844555
134904
725411
866069
684822
955889
833675
276183
973488
366082
939135
545330
589983
471077
792580
753141
596543
987054
594711
536964
610663
506146
315857
869794
218043
698769
655602
674002
912187
338369
754798
305299
735329
481827
425591
158574
140076
927421
455661
464909
848581
421784
983498
495334
424947
490753
331444
346068
427535
970097
318527
523093
442887
873935
504822
556165
952157
359364
905100
791483
181825
956288
806018
695731
596584
818474
397741
762578
691093
473080
754493
657903
430050
970164
965356
106110
498176
518307
437329
109950
708255
954706
779478
201968
186564
863996
954557
443741
202142
433218
292244
192294
999085
681656
660961
818019
173196
339737
863702
693931
892238
172344
258592
233587
159069
458925
519412
364159
605335
794444
320267
238722
320378
787110
721863
724795
192893
170421
311045
665281
353979
464658
731498
349281
791767
572106
748534
155389
932124
456189
588721
611586
826569
591774
754802
671292
178905
938154
452026
617098
237179
444314
208921
704740
631763
470987
585970
383795
893253
465232
781808
812971
689910
108073
768900
234170
595447
812418
898726
533548
833025
217666
684904
593655
378647
563320
904796
223125
774472
288802
653073
905864
322344
687131
783023
909550
900041
411153
433501
179918
242460
263924
222709
919342
669877
402017
215482
738447
415969
990745
326040
568381
720151
791381
733257
918904
610214
231146
366048
632622
224410
242347
238553
972686
881064
445009
680207
526752
119665
787272
637730
178732
710908
463857
429533
853666
768511
814732
795131
678009
377652
429516
897285
304353
745539
779533
409297
541552
735484
744821
389186
797026
588436
231695
571949
826832
976623
598471
430582
249546
190508
964234
730816
616687
452645
713037
568877
102641
195360
907912
938963
483610
528430
850362
939559
777859
129904
828654
177231
879290
633324
362899
453329
170363
576336
458041
584964
543504
617799
942960
355428
938804
404044
814823
743994
387602
496515
299170
697879
630958
483972
525797
635995
707001
534985
532953
817931
324652
753710
670953
655914
406049
619421
708777
950767
893080
887089
732944
230614
853482
221619
291941
160583
195285
773105
884724
944569
675773
570295
858546
955003
677762
515755
450420
706372
200502
844513
895642
854658
777468
512615
992934
810520
636316
598712
471677
771289
831842
303590
769016
465247
181660
751678
435267
170713
517223
450437
341897
921128
272782
558898
290339
677667
295399
251868
618684
251098
564861
883332
422717
462272
678148
352144
815246
810716
585462
592194
279370
213949
203787
147634
396876
998494
831726
509262
618742
718455
363994
640498
501608
608555
885942
154304
514882
860738
801921
298968
444060
508563
725952
371587
504132
843865
487832
193787
913449
517226
541371
113599
698648
726539
838627
335547
428573
393385
827102
994705
681092
998482
613174
551780
874280
384483
446740
828112
123925
895517
145549
162986
649366
605474
195373
370414
274025
841593
562636
599195
334857
957556
174253
530007
957465
141732
727384
338105
899284
636474
609627
809734
546204
782350
781883
784193
321500
268583
517227
354787
603104
978236
102559
902058
827686
990826
393184
178641
904178
897904
889174
398217
689413
194308
436367
333186
373565
255757
566200
536558
619499
879951
838570
172464
109682
783391
494536
189070
713930
866365
929440
661012
984771
682101
947005
273086
510264
877357
138523
634130
779534
920486
752327
935493
808665
282211
320366
177357
401230
258160
219723
360694
574872
872707
919844
545771
385492
150578
354315
670602
938065
591438
895136
418535
113689
735529
835964
752680
489809
247811
598242
245640
358778
837431
977256
523488
201323
701455
783628
441625
979945
980679
199735
510847
761838
337610
652533
728258
936593
823138
251805
352385
172189
604807
998558
596703
753201
135841
980996
989470
166369
104871
259818
712963
979459
227275
854517
921097
946676
704363
273896
152269
313748
328328
930435
681648
511581
665740
813519
341902
548890
758235
645503
910395
628233
719440
454838
768711
545190
721590
651492
409463
880541
965506
369930
702815
780749
735607
444207
499468
971570
683255
946182
117487
406119
238283
222050
849412
507445
208392
792492
458675
309984
306414
150349
168488
971108
574391
622170
631024
149147
761455
354185
197372
571735
337445
540257
513862
137764
984844
669540
525717
573729
472827
581499
481133
658435
936853
881457
905927
805512
895144
141508
938944
270758
555224
271270
923550
988514
502839
168135
453950
558427
430096
562154
385211
165226
765136
268494
564798
825914
845850
160709
666559
894645
458829
361396
377334
432470
288856
532564
488693
896940
262985
930933
603112
454624
102071
990585
245934
769491
220304
388049
791352
124722
999030
810954
970356
865301
941953
934184
317968
926000
929957
783501
326244
909785
228604
465753
744643
241633
636157
113861
315115
709810
586118
181735
886106
858170
966573
214957
804039
293496
498772
665680
188589
839430
662087
513610
262598
911599
113942
616231
859508
775981
840090
205282
943869
499622
526794
381245
505921
555972
733445
441161
732795
282387
530613
114867
795434
779472
277214
801170
770765
159588
125975
200011
702091
621467
870414
861311
999326
264060
507792
684439
356280
884466
908347
930183
982104
462787
400405
650905
819031
988947
442191
350519
883366
826812
960997
467063
791572
626032
450233
687902
601352
359519
707144
130301
678435
714844
778592
764977
999530
559373
531134
465172
252584
655469
962241
418536
349591
237324
843512
998132
840283
930948
899414
847838
346278
238258
233651
564799
604030
123373
359287
494179
467608
207911
279214
870088
820367
163144
904311
724344
628637
211039
467488
831803
369171
742434
911288
370564
750861
435076
740623
425814
651970
444320
856498
631875
879743
673435
730271
558106
856583
608482
464929
915757
533206
977518
818352
593978
656478
841894
319552
198723
849184
610497
100697
475437
123281
149729
580641
822863
429881
270652
603343
227947
626759
127517
812510
809386
125803
584299
349960
360822
488861
110716
617281
271259
799423
751349
535208
106277
281065
683055
299256
135440
114343
767294
358185
457125
542094
524845
821791
281771
234284
487268
556811
420756
272577
268213
613232
740682
981238
795151
840213
212207
929382
992698
684290
867850
517630
286346
847310
834095
564089
132723
984647
791960
468345
292768
771135
221593
446271
566779
115763
394517
710776
953266
588067
925676
901978
381039
448472
151016
692925
924180
230901
525203
899503
802957
611882
448453
911981
187198
468261
663169
303527
438539
515469
990688
452743
242890
638898
736024
995215
139917
103156
819882
299464
120341
743416
988186
272712
389343
201309
516620
570843
454371
648499
159645
562236
721997
517749
460507
971023
263918
632535
908508
351148
648423
530169
579703
674452
369726
646647
411621
329011
710762
739801
879185
925748
184543
905329
883079
846756
944950
258987
751530
315378
153889
134408
101328
121089
958272
114581
604040
179359
470870
976272
472798
795008
397908
260341
857728
276321
258884
238121
238990
894997
492228
379200
628195
411253
380561
854091
564982
342456
619138
352787
938610
918564
253130
546248
217428
487191
993580
289753
643827
330019
640026
219325
514425
616481
865697
658062
496958
719709
287212
381545
409096
143060
622063
691611
988140
131958
328439
604138
658452
985747
986425
848889
683266
428180
144840
892537
456407
985882
587774
772229
434553
710539
576529
120525
992335
955009
168973
950398
634019
333116
218898
874782
327969
725571
165246
193339
612651
950411
184512
954399
202633
845261
927354
165981
667124
741931
374594
819381
376442
136895
902891
820199
701984
319755
483582
563117
269111
208099
469903
805986
920559
197490
645496
727833
863036
718336
601954
873648
991707
792382
810718
453863
857519
328038
123313
305902
609860
810168
106684
535719
878471
297081
778678
957903
820034
910967
539644
152393
277918
798238
690700
879004
973736
400379
993628
447596
749385
920585
405169
963983
750631
936654
846293
152882
386528
441856
480640
820833
542623
331522
549515
207390
775859
169909
322392
464761
897950
552559
677590
566386
199554
231943
773708
175674
543274
954627
692621
903623
214232
333641
669323
177913
887032
521472
570056
369113
468176
184270
428012
691602
224875
876968
838910
268464
696614
679075
977414
555055
625457
746074
150598
820907
439630
955246
445866
513221
871282
231301
205654
756548
503182
148450
941052
966432
651189
428309
170536
436604
246883
880456
672219
378321
857829
905299
332478
203526
728951
494546
267240
372233
497642
450451
151714
726541
869236
975767
664276
241841
881385
861752
739472
768680
328766
927872
892584
144583
773706
926585
691373
360900
620048
875796
945199
777109
376187
666749
349600
269899
145680
502441
799751
211723
508442
583409
952894
111979
625655
218793
466384
236328
470411
120571
445657
435955
223006
417733
373740
567885
977399
472348
808017
136888
741677
850750
850266
744880
867627
845899
919528
962315
556222
344160
593830
426689
577973
461124
594896
241989
591191
590193
429673
708629
344728
435245
114138
372213
566742
742145
274319
925787
791322
767007
840044
792989
632257
721015
284612
208376
887494
909205
453642
682314
636233
706825
486379
682860
606421
117089
448371
980106
858200
603315
496406
122468
612972
430462
270194
169225
815358
772388
910499
333702
457266
639119
346826
626847
276745
504955
463003
798340
142851
562728
733314
732124
871214
916146
720756
831634
212277
671552
519456
458863
452551
739643
221096
558383
463220
944346
319888
740665
257106
387974
659142
243939
490990
674790
939297
634924
291290
831322
145856
259640
136636
809540
782683
875197
924758
707080
628345
115302
185764
249591
303665
237018
219785
804030
788665
688243
464951
792087
548231
328758
910238
251591
571954
432502
748857
156135
705631
911646
941949
324468
822401
333969
429614
622243
770340
195424
133682
553593
512658
287789
369342
242592
430156
188624
419254
176627
668281
846565
757904
749072
250363
989384
323940
133984
805094
547637
617701
660138
454715
776553
430183
679486
290234
977116
526438
801454
590115
888242
888421
420815
198850
946010
776654
802464
720747
928854
156299
811785
678344
937696
941968
290934
567135
543080
179780
263784
443047
942196
424833
481485
954956
488141
390653
378698
986433
653502
480838
201614
226526
916546
571426
131022
884967
213204
739376
394349
282870
132653
158958
189963
374631
819582
422386
716170
620480
731962
705788
620689
966636
282675
937938
610168
624197
789373
668737
193180
369069
997572
127955
328480
699713
407635
128424
834984
994441
200994
263230
605146
644188
745186
451842
663388
164879
219371
353911
385948
336858
503131
540090
300789
188461
551444
146566
128915
904124
617301
978970
325099
995565
401993
132260
169489
587923
102442
802181
798542
214614
787117
469701
232632
996139
288530
350190
441829
914438
934105
528341
744866
426692
341323
946703
423869
802943
991229
703496
529550
775216
865337
107362
917739
320509
247680
164989
867138
275038
639775
405073
685371
653471
605176
328534
922679
308619
661059
943197
859807
660993
799958
387127
117102
141253
486556
813884
272692
225787
182364
429337
342473
241911
594755
721852
811158
967757
202374
474384
884677
397957
957593
753467
977478
501759
930304
123975
828028
870881
126937
765707
690034
571641
751356
104532
567514
204805
853932
693651
491580
510943
859782
458434
977428
454744
400247
878366
731369
759604
570077
112042
216533
618846
648128
200672
690609
559269
642454
416875
792311
177498
103352
110867
592059
416627
533108
305701
463463
382953
823932
755681
906972
393588
320204
735723
491235
492737
194320
803815
258052
486058
963627
184485
731798
925420
498474
816125
371154
152426
673341
371103
860323
760044
886952
178266
766668
739111
804426
594293
383466
906051
219799
510528
978665
148159
297718
120274
829457
250529
651517
981438
705213
619317
236564
464089
177333
664439
520872
268715
367648
337914
903237
529115
108687
375261
576072
809923
270642
807661
757755
394920
252000
987574
546357
804204
884785
900602
662076
137251
577700
939185
870249
799746
299596
808770
399989
607716
468015
847682
887959
385507
263371
719549
846106
634974
385031
960422
435789
611541
785221
796814
549661
768378
866647
222992
625723
126003
618659
524974
427517
992185
886990
148999
150735
624758
833224
532343
214526
332097
244464
698764
818573
696771
947596
322377
878255
189400
223066
280634
687215
596346
706680
355829
478184
557184
268669
756207
842895
299516
615974
953363
801725
444251
962162
151900
986598
657280
324925
839040
567993
858803
511592
216580
923351
556151
819236
528910
793093
206553
543944
211472
776918
274030
910601
593779
841025
485289
484949
534281
311145
963145
139277
967249
555891
189152
670870
146206
220375
776107
471835
292557
381052
490716
329595
430183
819729
952349
704986
356728
796252
142158
930433
972701
420129
431390
473628
403764
928872
229408
317088
374027
661231
742659
762859
606921
607291
429111
912711
658983
997821
493275
266886
314336
613390
668486
319112
159878
297283
352641
772841
114849
249465
284132
372520
772000
939123
157573
639699
998469
692472
768994
705188
774652
145948
796252
478918
965211
162845
231057
387729
705424
638689
877323
794869
936299
611448
213242
207987
906912
589921
875488
124060
330201
630064
755093
287824
239057
348608
204958
713975
579546
236933
238290
630225
322847
792264
752019
478391
344082
130410
252146
496018
200262
267916
283152
507703
659837
425715
758385
709737
932562
182948
945208
935874
843423
141775
540514
571649
362134
873869
657053
450104
768453
117643
651756
289873
276278
692086
919339
106384
913449
769110
185624
465786
231436
742507
394953
368300
842334
769756
683210
358592
363153
489085
888185
440844
816632
785554
826808
740498
421308
584461
399452
308169
240330
826842
877368
605546
305698
509443
364740
838746
242997
395574
698218
201534
278977
994044
240594
229630
984875
439115
223040
198352
341845
605036
902601
840023
785535
726086
911459
917200
769207
498548
103364
276698
637736
639761
135659
611161
426520
184005
250606
194186
709998
485598
421524
671016
274129
918279
932179
168454
187211
254763
469582
766861
347404
662505
210670
490425
160115
355061
617029
973818
221034
313246
180055
979438
638864
421549
810456
878448
550937
892152
140805
761259
866254
969388
344246
383096
162091
841308
395462
647353
708222
628818
354863
249429
852404
280017
691496
382639
177650
430647
468429
697138
831489
653532
593840
514495
655570
354360
319471
551457
886003
737522
494811
351522
331148
209508
825607
341357
931758
928716
855888
940881
541442
335898
136214
369781
118380
428008
759093
151440
296768
620856
552609
329447
309420
621776
335696
316919
364752
371526
841460
675140
226849
662215
406527
869576
967465
773331
152994
536921
178183
933360
382660
436502
572201
776975
923897
264599
989602
230907
665794
878262
251788
826682
731755
900778
469928
789707
189263
758364
312707
326520
692657
999205
596274
856212
423348
603620
124204
374379
787314
262468
796055
388820
839152
370546
975338
672221
781254
840539
566046
917591
282443
989817
118136
539978
278480
929972
722711
244599
161069
738125
149263
912623
287725
526000
178585
131481
616486
413080
115639
163824
960260
578917
400461
971677
243154
410649
967778
885771
785583
983938
477321
591085
566771
178473
567515
848941
485629
458865
436391
247371
860797
536237
797400
231756
296482
626604
723286
441884
229536
251561
785256
740090
517029
576737
156475
406231
653291
527104
956177
494359
900460
455369
999329
807154
685958
539054
493130
567919
155833
488298
407391
139132
543569
653955
384655
511191
531129
712464
449723
572587
652428
427178
307200
843142
254919
992682
978324
187496
484637
325691
400667
940855
441556
290904
904742
532704
224014
288529
683180
575333
107203
488726
720522
961429
102886
412141
109571
695072
575912
530838
340982
693340
399229
314431
398429
846406
406524
301278
185793
703166
362004
619366
835820
873151
639104
674101
201301
138850
114429
975228
784510
762292
738135
194436
490374
961131
880250
607776
684684
752114
777536
448300
652865
715433
560283
573439
209686
749175
266031
557923
477296
900933
823932
576447
355747
418014
172204
581338
814854
499161
195294
370732
662449
413821
426607
801194
143189
760291
994956
271141
818568
660033
994235
211140
530298
104265
268952
659282
211816
565082
162138
973943
741166
915154
885109
388993
217597
753924
835397
375325
825355
773691
834800
551520
906374
801997
410755
640257
393667
468349
950273
794699
451959
643349
759473
504328
571847
494133
482053
202941
445058
392053
472004
543158
764608
635830
147351
486158
605612
609371
689695
862184
951097
310902
850627
677599
243172
442240
494871
930460
110565
612318
680452
875296
440700
281029
650273
675576
632645
797919
524490
650565
539995
357600
804926
820798
802513
960913
968648
696441
892737
450024
965197
204151
568038
426226
616932
749260
334365
417471
621396
191797
903550
619554
650079
151643
890197
935874
447130
255814
822938
103667
214495
950589
411641
291263
165377
692801
575163
475909
745810
787588
467380
354679
706961
134642
176805
930343
119413
409199
458082
916244
228389
933629
211182
463068
219623
439062
778269
477479
727349
717665
298086
137464
459594
395902
617489
404143
456871
652886
658020
421953
379343
889020
654544
258694
768379
955115
637763
157866
542981
708323
913749
365377
616332
124095
909030
926733
688640
202126
960532
547079
563092
580851
699303
809661
665144
450306
615809
955964
488528
174041
955409
157965
477777
441572
394325
165108
856559
706140
654099
329428
547929
742675
377897
661543
953156
987036
508725
549115
394708
811769
675689
975453
539983
291699
625155
794761
573702
976300
990378
819444
543502
756137
359248
889545
622960
940640
521022
479015
672849
174837
562261
864629
246745
276185
450407
188834
997472
964669
897444
603981
282710
287683
866590
303781
251258
330398
573354
668112
449790
593471
878821
823043
124919
280088
978352
804976
676929
985983
465646
441306
204355
722163
559968
635643
908385
354627
921927
543504
450323
872879
595818
365342
191107
237449
838821
818776
991321
371187
618345
313594
901710
719868
566902
283512
453629
655751
874532
221465
132311
256083
251269
172190
134216
520883
281794
162853
683194
318205
316937
999219
415639
574910
711221
600254
401452
206334
763925
220964
541040
545581
415256
168722
454415
350720
281804
266836
693473
253649
352490
505850
727041
558240
635016
347254
623285
106574
819795
963259
477141
943991
482399
861020
646975
213881
433376
190838
307277
407357
129151
869404
380219
176886
135866
788079
270724
111375
510942
812215
918289
975815
877840
274758
422262
783825
367121
375904
610868
503302
575090
691228
433226
209573
744107
484781
239039
697964
111879
257530
887567
820822
143686
647285
498712
775723
131452
289539
954885
318868
646777
842612
963186
613716
754264
833386
574660
257551
599123
961361
931132
696356
238276
659802
268417
241100
548896
688412
224755
942555
725209
264474
620495
300694
234144
534933
763801
927655
785305
344175
894250
781309
180369
177783
170779
654530
411618
363451
639680
535306
700645
118904
447293
589854
228682
555600
510720
487121
567102
145529
149901
169332
966509
196459
702863
759874
993778
182116
980701
123083
776329
937434
514639
503907
885468
438353
663554
699649
212958
773819
783307
432652
589921
334209
535254
387156
263398
359543
663646
449689
846417
502524
701374
714465
569871
269124
292758
376926
891514
710604
901894
336808
500243
641671
693151
682606
741483
240605
830897
972611
466630
633631
821497
264191
141973
276227
142438
497781
935329
557467
220264
931545
448947
647045
455197
660375
819416
445637
182494
265654
454929
789755
855626
645620
945222
562118
785922
944098
428746
260538
888302
215425
291155
424700
762113
989698
995507
939204
421167
170961
725976
207325
658008
419286
573541
424604
984764
728346
778689
936410
229864
308836
992703
250375
298961
972231
643023
996635
916407
955015
802692
532449
750920
825168
170810
918975
902317
897661
581333
743188
436464
738627
808749
171125
152678
957662
656908
934328
514614
180077
771904
368521
311032
527217
487045
871637
643493
664182
615423
344133
142012
141330
677558
630697
654170
241566
218353
184362
953324
104522
909341
771180
686653
873811
595192
560150
554496
654371
780759
343389
743135
858870
459952
824642
871609
846833
884185
972666
706870
821051
953224
589439
399489
228096
976735
544836
275840
701545
168050
405372
801172
166907
899402
793557
573492
519988
245013
671803
595315
897551
977159
451935
589153
449802
880296
163936
441710
763295
771644
183505
975860
534640
535796
179622
659676
796140
274460
624639
289357
747138
236634
160770
373351
959317
798358
453760
133367
344414
752592
760715
529167
678109
862080
192066
402986
185557
805569
346778
192350
348186
510181
574415
512622
686816
344575
604230
946533
417045
300378
953035
160914
482320
621685
765691
674123
118556
284640
376660
675547
325906
966182
277322
959227
475118
181487
686213
630466
502442
353064
953679
728223
829079
557259
879052
559737
979372
203212
940503
475902
739780
637313
280279
751985
424991
910633
275201
821426
842048
917899
479981
807812
608927
753607
838315
279841
576673
625956
991003
142919
579982
711554
342330
182353
822857
732329
643591
909377
501159
623251
810322
774032
361524
911913
445168
133050
234285
272310
825727
777602
194306
562964
127476
761623
281003
289152
149924
953073
692576
874052
872204
156350
429186
591982
436574
476462
684529
947665
661394
363633
420664
910157
638452
148228
724806
940082
472528
558843
821889
658807
765847
734838
216694
775190
190210
746673
217133
184948
452566
854780
441841
728451
893098
524803
328407
223737
724811
719239
761329
338426
455388
899746
359153
649135
695205
225919
254522
146007
762851
274495
162820
354263
743026
492818
993719
186963
889157
744117
283416
191386
885144
297746
151469
580688
661745
543679
820235
125706
132181
478793
529284
613071
755388
841944
415286
439811
561828
507966
305956
341215
244984
580295
291651
851894
507034
584266
914028
297894
832457
188882
457520
906629
372353
276790
611998
645064
274929
182660
920257
866303
118845
873906
910762
822186
366615
669960
505253
356465
210406
847015
568017
800315
545913
422661
550478
762195
161848
504386
646684
406481
823780
592757
948158
483511
896990
652865
667309
988305
864006
578304
560976
986840
474560
115153
411643
719989
503997
706230
531069
432684
538397
919823
578571
116251
185654
512516
466169
551562
205244
629645
393417
260159
542120
923305
285604
888953
194829
324425
846894
382406
332264
516470
948832
781623
989683
914325
824717
277686
343635
233197
590075
204887
642316
315199
187004
643966
892960
119523
161053
335318
128307
466555
660345
863101
741465
231634
419527
770136
760627
968405
331452
449532
161289
420895
311170
552769
405910
588926
642633
481262
827624
597636
933486
590360
856905
629522
468763
274621
812226
720470
257380
957294
805982
684072
657595
251967
772697
367370
189858
933681
548802
345730
669148
885768
106398
214941
649343
670861
857291
463097
934253
439738
246315
482073
672395
174431
652260
996161
237506
277235
713361
109625
498196
464899
331666
992822
911597
675936
620876
884702
588378
667211
743424
736431
863635
849521
178483
336934
701931
436534
814953
318694
499430
582150
742086
771559
584213
837046
692733
751692
245446
135961
453234
124800
809331
711803
798283
392003
590300
949725
767380
840252
863805
528703
958291
730861
544265
187918
894769
927852
780997
747288
722089
225094
376950
152710
170207
146144
530729
972817
582224
805909
401613
347368
472014
951403
142124
455372
556337
657954
827442
115733
993359
704147
301150
983236
103154
276547
896483
359040
398837
693327
982713
654263
208774
265419
682706
589849
459569
853117
947458
984042
537169
610354
214728
868272
561774
313879
580308
487427
739698
680848
946477
636862
154131
807622
722198
211172
963813
941505
459003
830088
546131
233706
592204
256978
457806
789235
265029
847136
237565
245732
129006
936318
389857
725616
666457
386328
835309
886057
480138
667735
411199
328923
480217
481711
559176
660759
869041
893987
103071
151526
706025
780276
151398
183715
516905
692956
974656
796486
700959
586380
210682
499013
260926
748056
446297
285920
702022
378426
614982
789511
265936
165160
737603
311497
786026
292175
317951
210156
915739
738308
266708
276325
571604
284891
507204
485276
411700
743233
460164
414547
771881
253218
935105
554814
548477
983262
912581
285512
436836
480696
924530
584141
789738
238675
813445
578751
180002
919268
843596
983384
530749
198159
946461
992560
304298
511792
184721
791748
133254
461482
536722
866329
852895
204984
986492
769812
405204
203367
281092
877467
573082
749283
361416
722706
165412
774540
884954
118548
301701
964301
373347
920342
280955
591342
737711
702083
303351
964340
519886
207086
169170
704636
421159
472327
422967
152260
320750
241414
476824
613389
557841
168823
975749
255410
357452
755659
803539
598082
705289
301345
595472
126254
620376
373255
736003
468495
786703
235344
706710
548486
233994
363251
422187
449335
171434
690443
976702
997408
344118
171094
764280
674566
207554
302712
105413
922252
255395
540578
568711
218778
369697
748658
671826
950050
875437
748221
278214
168032
711110
414641
147821
883659
196584
859342
927787
461650
487592
471527
727780
589695
745514
589652
229117
618664
854249
921625
777122
285966
955014
807308
874867
866910
793261
333279
257762
454141
991447
171726
267339
684135
500392
835422
927638
732184
939318
330681
964977
396844
868973
592435
771518
618915
901214
328944
936842
179820
433974
131713
584973
637593
100593
692117
823361
111752
194449
233956
722253
292987
267241
125806
489322
220648
724759
880282
494705
351698
196263
162909
585796
665669
738771
867272
124384
434865
207797
471546
191130
686504
575805
600854
101668
345275
222235
165374
162246
750705
833015
247716
294019
759667
785834
229380
759257
212566
929380
873097
851852
693383
154639
351427
190545
221225
132928
256128
291333
262820
734937
840862
851355
566528
513085
935296
333900
791975
733449
319009
799656
522126
867874
944062
786593
874430
195361
395110
104286
947321
437396
809746
553356
425790
756323
244106
906122
732670
414634
965629
949750
552108
794290
872216
635550
662290
910405
448598
549287
356410
757641
156752
824054
736112
367352
766138
386789
920907
785250
554133
675430
853702
911238
451808
858561
960955
547022
538983
643051
902612
476881
501977
292067
175597
601412
685244
779985
220363
219577
171951
446302
166125
314993
149121
620790
588952
193084
297836
666201
366908
960268
274855
551191
525077
134534
852331
254014
681502
232710
106334
564715
787931
522460
483046
311165
306043
650619
261866
278995
277261
282959
592489
948291
307977
140043
806124
791564
712622
674745
435553
968019
576095
727218
698448
663464
976759
334729
109712
363057
383087
418493
614096
373788
886465
468741
503655
662866
634568
729268
690511
466147
410945
668036
802061
550089
620224
990016
431884
835149
189864
550730
854686
223731
759702
634351
935298
470648
592319
248005
991435
643188
686152
842164
470623
365795
422124
507417
850060
946128
345689
989774
668066
549690
737778
398897
252561
316099
730738
207828
120608
185518
975336
608941
835214
869468
671980
847895
684375
308852
105525
961969
631509
698175
593039
213984
974691
573595
844462
800591
382249
708336
350249
807934
784369
101392
463800
722126
557262
148878
359177
224189
396475
888301
267345
664182
594961
578213
749395
347332
232476
212751
854634
903563
112607
403799
674141
517652
665446
993101
887569
442529
133462
248752
661244
232200
148611
263557
624551
527946
643465
263830
237740
269030
167357
237089
216810
650864
850292
965275
278668
785587
302896
297870
677948
636137
590466
164040
990945
777856
474945
230559
733826
773562
926022
925458
291013
633933
271122
141809
109765
258690
180120
372292
854443
768042
420374
614916
652509
367679
651324
307383
346232
489230
326422
234078
480336
932768
218951
441923
324296
709605
354687
782572
529576
203915
424796
851004
441023
346053
603209
609684
171249
828085
762554
117225
443513
279966
333225
840417
992148
806201
641895
806709
476431
919714
981816
975061
327605
507449
613174
463363
755898
924309
731090
346118
612589
172976
431847
728975
440001
404955
975077
681087
619899
715261
628942
797466
729553
499311
559773
913815
439047
217052
811780
297449
527757
301187
778958
792057
495883
749330
627350
972804
441276
237117
798934
575367
284941
950221
318814
576578
710117
129037
277150
770510
868638
634336
359997
610583
636472
574053
690463
150819
193209
716798
143574
218006
966262
918895
891945
937127
715259
728356
256639
285327
114248
328209
868159
804134
840723
254833
909548
174532
253184
649802
101272
346035
975490
448749
437600
378801
783343
432674
992510
830259
175517
590766
683551
864731
651644
809153
424451
299619
679106
955961
187740
780373
608625
498672
499646
237032
337591
464303
673899
609732
849382
317154
309383
926057
355460
454406
141905
968794
701392
555336
433075
799376
663423
496958
158658
102774
530564
246932
427893
565033
709376
403982
533255
700341
682902
547575
716894
267215
449163
866001
990083
425852
624953
213303
626937
267484
870607
807058
257424
179879
806653
150704
735185
202875
756919
980774
209323
411621
566550
799963
672588
687635
737585
885580
307709
486135
302522
688289
957521
885740
878744
367327
290976
658425
750727
736005
858890
245522
203030
256097
508952
625039
776865
896864
540695
553348
894854
357524
739424
274756
351843
370477
306731
747621
163919
588689
335321
364876
412374
998894
141785
326015
199782
252818
643295
821222
373468
526545
537007
455000
366868
110705
611726
251180
290530
361145
902381
227289
546459
746384
572251
899882
516738
261306
702515
543969
154705
191107
161653
877785
819481
403008
868160
816339
437958
380655
327933
869449
247068
540959
718542
512724
704657
325030
818391
494907
540036
458938
136266
351184
192738
595711
663723
910113
734116
175485
458154
528807
176049
120264
321180
785705
937472
417419
272767
532108
610027
964476
686294
677524
607183
823174
888483
532218
809227
387136
132509
221416
244771
909791
681246
401920
474851
452865
594436
514429
983283
998968
546289
393081
282063
696009
697961
730395
472442
695114
732716
555562
285748
187729
685869
739789
345305
327215
393847
693580
471054
665960
538725
203053
796966
554929
390897
692996
557748
359534
349395
815294
163956
438638
518343
499662
821956
252702
509517
650404
127188
694676
291292
446092
758982
935310
292737
657833
180382
359882
113867
910152
468255
781583
748403
107709
691816
217319
753425
501882
989373
895574
767983
321735
804274
513425
974000
673706
653519
596172
444391
537979
601881
122459
120469
282274
509735
701491
370176
806011
791176
235279
410076
813688
143653
142187
715711
761122
640669
109900
564312
922156
415022
511560
631029
905761
279316
323405
208456
942803
345437
192635
661325
181688
367892
563935
595576
107323
207244
579482
761453
218568
783198
726076
749556
528136
812506
295380
967033
325319
802467
903610
122058
587151
808514
832113
893872
802326
158071
888910
577693
110794
612702
417164
553595
609837
993778
828599
625887
223728
522956
427317
470741
452445
849064
296776
124946
879236
650768
101939
771220
885955
628030
587086
271213
696569
804219
113046
348744
518058
688501
207271
537251
114386
291112
847725
193423
108525
785675
658107
819043
959460
609969
764444
398115
274141
364353
280952
661608
726528
733804
671372
118378
958085
493940
729659
255869
776013
973403
551351
617065
940223
572406
740752
365173
562807
554790
414172
848668
113498
561771
477799
993473
361135
244231
146387
619561
277546
595483
544345
941686
580311
401748
424258
558362
828962
146423
438857
380074
116348
182368
930764
448139
529774
100609
554750
530637
132554
572859
814163
202581
970886
830269
309385
229527
693714
103948
734815
266719
187989
640535
842283
207532
883464
373203
763743
777379
315283
792480
588393
534153
600719
785391
900245
805969
237192
136126
118211
354111
486366
335421
450180
471875
781538
341433
870028
367972
966111
802333
255078
272956
672405
342583
346279
867102
703993
468346
572965
896007
649313
477864
295230
863893
685687
139349
127328
239017
595028
394047
178512
890294
715767
225801
138404
845223
151296
641606
241097
344929
478719
130471
668591
832684
917715
716180
504667
739439
687001
231590
519770
562547
351795
126739
660882
816692
363955
281680
871628
570686
854683
268900
522908
798643
695455
250436
491599
366522
842018
719592
349686
704011
917629
114275
434690
646919
801599
773820
919805
649497
480154
269850
765122
371447
902065
468307
371560
583617
905071
487490
515358
721955
269204
837054
669020
643209
772957
290608
564887
376918
706024
379865
718760
826737
550707
507158
756037
728402
502268
438881
802012
637328
539831
408992
241532
989316
872018
126460
921225
833614
617271
643019
427196
776613
852397
332915
972744
953799
890971
959040
146896
635908
145667
290199
113798
645694
460682
178727
200288
989843
203008
653787
724784
504533
830187
658773
842548
589792
715787
352914
713814
983962
523420
288435
222012
750933
357471
173935
340868
784214
623565
156996
632641
477267
789915
153933
999059
423501
167563
145280
691676
330830
461287
936483
279610
434368
167174
809504
837759
685045
707830
922620
220381
704241
973064
849468
299615
395565
152139
312035
936633
309996
755755
144933
341021
478320
596715
280868
901031
253703
630956
795470
712479
552130
999704
624483
150071
501509
630413
962202
410822
645687
589001
488840
329777
760578
305340
995312
675907
185132
321546
504600
565781
159531
958845
945976
931927
236583
179297
601338
837456
273216
763296
881264
981805
450304
563926
634626
673798
653651
628724
420323
118049
501527
248755
818755
102712
598915
366792
580830
757898
312225
150302
425229
921830
442170
472842
678773
569685
671247
683643
326846
975435
671089
408420
755661
603649
178385
239680
626323
323892
220020
960436
521417
216777
174457
609971
989830
920377
441302
652066
838409
707622
183837
393989
508962
175445
576059
730500
698945
988977
914129
949575
567829
755561
945360
534707
965483
824081
376125
644732
775239
274097
542601
778140
863697
131060
499774
883188
305925
205474
186705
433844
117190
294356
374793
452110
600746
312126
389587
585628
581123
631522
360437
234137
158176
663957
750095
170919
318821
100745
383679
137646
460598
767898
783369
580595
304172
896627
453981
784555
244905
991396
747746
871016
208012
910114
108457
988304
280330
985878
873672
109040
223829
258532
742717
230275
903818
110942
338659
300139
186252
463589
684340
180914
894062
307870
815836
652137
538578
181123
990567
547288
551699
852301
881506
233822
263043
275401
832831
954371
919984
350356
561593
909052
107342
552447
922908
751652
809009
645728
135707
439065
876765
507722
728119
972664
571160
122546
811441
903898
332274
588199
182041
148289
264117
952537
617073
704713
865344
520932
147614
469074
649550
114381
123490
171035
826168
722521
779716
720498
540301
236336
280250
129003
266218
410259
561782
715720
920534
360841
828377
462634
198178
830389
844762
440839
420816
535120
651799
635358
643689
186367
260745
796848
427142
125730
159187
749530
960066
223705
880648
521611
847372
713278
911494
566385
192504
478758
467387
928887
849366
840259
961233
594925
617199
393247
780898
173799
828720
989018
288679
169718
205394
134307
208055
615586
618541
519685
165597
402150
460036
660875
387538
875752
909000
201277
392703
210229
284114
972330
642158
854942
137662
755762
312013
744849
390813
583927
568235
179072
695004
978386
915049
281613
233013
802245
177754
432471
512386
931464
460077
996138
177810
559068
337621
576692
918890
130411
993743
121372
550696
982698
510277
662593
881662
725213
771270
421417
628778
834596
658598
450017
346701
163716
130424
759468
296839
641792
307108
805546
673340
751970
613141
182670
323559
656704
385990
100697
331960
899407
785131
218385
961217
149512
200218
318408
292166
625679
390971
250573
768747
965746
765735
444392
261437
692772
135847
224013
814260
465867
510770
998062
509285
214287
608127
751219
655398
678719
232465
576604
793072
800476
632897
886554
677175
471400
744289
204090
844527
504254
733066
878898
478000
537758
862113
249296
573563
885746
399892
773703
975694
298635
305098
821086
894242
833699
774320
861257
579240
715748
244713
653605
931534
110665
695119
156415
354894
346297
771749
613101
497726
961664
930349
724893
225600
359909
463802
736452
513739
610301
180784
205267
786967
215535
557749
638820
310575
270291
482265
969932
832629
982531
588342
771339
834648
458723
790389
312665
899260
935943
414264
355158
521157
140213
185312
937490
487876
145145
903538
233096
103635
893105
312302
891035
818543
718386
339421
554706
956561
222609
869638
675579
654104
721164
583998
678277
640562
995616
845550
964623
773452
889260
335757
470084
270361
876400
830263
755763
186784
751889
241759
710139
925365
477911
720610
903104
208750
264372
310724
161572
202294
542049
758135
621717
515903
519299
592240
269588
714206
454170
195527
521504
664685
506194
210126
157844
450915
324249
412804
562898
768883
804977
177076
564566
687382
790403
364771
893360
959808
458848
551190
162243
802513
130865
189095
796270
198820
236738
270952
886942
675026
983476
110815
635258
791010
242736
391620
617586
251156
232041
897047
866376
961041
804045
588888
141202
392351
767438
952931
307874
427532
763839
519670
942674
998845
995469
312365
950079
315901
203473
464869
188788
523823
725594
851543
958277
437013
125152
262819
522494
679530
212502
969964
637901
138309
120090
915714
817211
922360
349995
821721
904094
896392
974264
186455
701269
997192
354516
941143
933921
184277
593922
789106
317884
545583
956703
204605
183108
603902
620243
958630
446688
668484
297989
663657
650600
399167
995601
591324
109499
666145
115699
862696
617813
891832
508272
970865
221705
745752
319536
848629
107601
127857
860203
394669
550710
273274
972810
355732
968314
647168
414325
785831
439887
125765
452328
658810
869665
465136
335245
162986
937713
529486
795518
453980
463872
102974
654234
974917
403241
843870
974430
279527
260540
503979
737887
103802
623939
436025
291924
922736
131878
283184
710113
934231
920339
268835
176836
332830
774176
593742
541354
678935
231949
918104
808882
858213
648455
150287
773271
162627
713763
800929
164701
681180
719660
921375
454384
522500
295554
528813
438648
231953
766918
675897
672952
923469
153255
570707
107403
651186
550990
444569
866767
720453
589639
362360
992864
602299
600078
808575
771013
807724
190078
699181
366926
303112
878473
359093
232638
364302
959597
727301
605717
299646
591344
347889
584162
759706
721350
771981
330730
396484
693641
795514
526778
318303
620151
303725
422943
362949
318102
414725
471228
617919
263332
139853
192456
393630
292934
274446
716074
622441
805734
438719
983769
156871
590118
303662
552097
820589
293333
554686
276228
948068
159274
657930
144828
474838
727945
536776
100565
881155
702909
436325
471853
703220
417932
325333
408456
258861
286335
443224
696489
234896
445259
937305
497848
123137
629612
477662
692650
982158
292093
365928
201065
913898
386934
208366
421432
731141
135655
563041
500612
229131
502551
377303
264445
270427
951538
956966
834833
672654
192907
659486
290555
605651
884429
227595
295203
678126
458801
149282
934688
830250
182341
731543
951439
440359
560485
196938
498111
504470
699491
889994
784311
158703
297462
504350
867613
686201
962407
951465
317333
870757
565394
761838
768696
601786
972396
484205
355541
389311
131452
159458
547061
608114
832156
161986
939729
961924
178598
481031
416604
332502
404853
822178
313086
354761
309475
517461
991505
633017
201248
543085
546917
509202
606542
933880
158254
871874
678649
884767
208533
312857
370690
473197
994678
878498
756829
469984
840051
671098
941542
164377
271106
859401
117618
131159
224153
163839
176553
928360
501053
641090
656827
958331
669190
698000
350247
747341
662960
848246
634887
153769
925964
877715
744108
221480
292093
413003
940163
545631
329759
158510
117529
413382
971084
261095
610703
194704
532400
443299
734217
884903
192507
680511
730618
929686
970456
125488
652110
351036
780953
185584
774821
314297
100309
870469
906848
528784
173332
884719
656778
370133
323612
513092
494155
585029
840575
160348
472721
945935
674911
602012
591118
218704
356611
455768
305784
382093
124975
280938
302178
765520
247655
301290
788862
338371
193694
866052
697806
301657
216501
133745
289445
387919
811716
587415
716930
981043
110208
566721
553488
407094
383957
547041
415234
502215
830462
417915
117359
440220
538978
966519
785080
531239
911325
158185
700640
986677
840352
738156
894858
295856
318056
307695
751873
115742
355450
416052
568016
892725
785141
137901
227595
883354
241435
204107
390707
983022
781900
144038
320263
943133
225039
896141
617308
798728
697290
749922
847743
510089
528223
255145
842539
476412
553664
882195
133412
908629
176243
581414
376615
549043
720656
921133
161532
790602
975789
305028
124552
673988
178311
323821
211413
775687
646971
101544
330743
895026
768893
182824
933091
523032
492163
183601
758774
972762
605849
755441
940496
405640
723620
952170
410047
934403
638452
132695
725353
529198
919577
409194
883683
966335
367444
283912
255317
427161
814423
292685
180379
574948
266570
363049
572697
264121
782173
732597
473872
779730
308820
213253
882295
149635
289614
130903
111373
290774
927958
741894
776989
455730
545437
247754
516768
846909
970423
984340
875523
662053
892443
602814
262567
523311
520764
984815
865640
967354
838289
101049
247318
678288
425805
941295
509612
431920
853384
548313
234903
768221
978688
819274
541698
444348
378120
702356
807202
517708
780362
356521
626666
739647
528363
333190
168366
962966
799565
413306
329293
874163
577183
109224
310397
810396
210180
772960
313664
254764
516512
774678
935622
359992
743828
615499
611187
548037
180364
734371
912886
541636
277235
727710
809597
798317
459589
230757
641981
605476
456280
368962
498706
241472
293325
750279
820723
149926
708938
229521
290335
321354
651806
715099
193124
437486
293200
159203
142268
268394
868608
834912
625389
426362
288394
283827
462242
357383
980216
534910
763262
557564
542024
925975
375935
519304
912904
965789
203096
271340
391837
413866
289498
115025
452752
857021
677790
778732
564426
450342
766692
416470
470282
616495
628554
795324
756556
822535
415390
863264
308001
508020
228390
916150
997820
907216
860867
550592
522166
710692
710683
936941
538156
853956
207399
351074
543713
217022
511974
909670
109725
690546
855419
623712
838578
478640
863482
979601
970044
947307
908030
592493
761512
761691
510867
300226
719415
755389
347044
540155
371414
145235
132510
396407
442018
321940
789822
438135
138457
811223
799239
222066
591862
954547
758217
945672
795249
849644
988576
602182
548098
296489
217953
440638
297185
433220
868091
363093
474054
645817
537839
882326
138144
534020
944894
882784
267130
338339
568402
537832
450245
239895
200716
865608
713588
310550
734976
876224
605749
163182
118605
533376
747681
356809
600874
270617
487778
878403
880007
776937
641253
634835
308012
244965
423924
225318
127336
735093
284195
468151
557889
578240
949516
744791
133872
299893
938190
761737
344316
496232
491467
579890
920846
535625
122195
139015
361197
965454
758375
235751
221865
889995
317347
100931
851733
654309
183441
817719
465076
680167
232401
489654
121257
735966
515119
564894
236950
379837
619169
691363
137337
274419
351168
837929
456179
531529
366273
115317
127156
886315
774092
946500
959253
901360
766039
829475
220485
188036
807360
260063
500256
689660
464630
520397
820596
789489
788914
765128
590807
113022
554559
139157
540165
363503
511857
514861
388574
194322
949223
981462
500339
545249
826808
445141
151690
878328
265944
662751
567347
492639
465086
537423
571721
456500
317525
824582
287391
519743
273181
471619
202444
625782
474630
455081
679614
931312
500935
358505
269345
942274
723495
326859
505953
637346
501988
557050
220567
730889
112560
345279
315950
577788
261358
324597
319036
155330
351222
425157
431106
927554
453842
273944
250908
925216
199474
365499
943821
390894
111473
250085
773991
669280
840476
666034
110463
814298
843644
523309
937299
744807
796195
851172
138383
265227
513580
854016
653198
197558
303038
129801
200235
235949
576901
897350
468805
160872
513571
949855
636871
559800
355875
116217
109838
805777
164736
370278
756998
137202
402513
747487
393811
359380
735897
939010
564725
907968
309972
482788
673895
215483
490433
515780
690680
364540
888683
337862
943016
922113
730578
209653
437375
800716
932371
494970
850130
312439
